3,2
3,1
3,3
10,181
10,282
10,139
10,100
10,258
10,96
9,5
9,2
9,3
8,8
8,16
8,13
8,5
49,5
49,1
47,6
47,5
47,4
47,3
47,1
44,4
44,1
42,4
42,1
38,3
38,1
30,3
30,2
30,1
30,0
29,3
29,2
29,1
29,0
20,3
20,2
20,1
19,3
19,2
19,1
18,3
18,1
14,3
14,1
13,1
12,3
13,3
12,2
12,1
11,27
11,26
11,25
11,24
11,23
11,22
11,21
11,20
11,19
11,18
11,17
11,16
11,15
11,14
11,13
11,12
11,11
11,10
11,9
11,8
11,7
11,6
11,5
11,4
11,3
11,2
11,1
10,291
10,290
2,2
10,286
2,1
10,285
2,3
10,251
10,249
10,247
10,238
10,205
10,199
10,191
10,171
10,163
10,141
10,94
10,93
10,91
10,77
